1 
279 0 
279 278 
276 4 
5 3 
4 6 
7 5 
6 8 
7 9 
10 8 
9 11 
10 12 
11 13 
12 14 
13 23 
270 205 
17 132 
16 18 
17 19 
18 20 
19 127 
24 25 
23 24 
22 14 
21 22 
21 26 
25 27 
26 28 
27 31 
30 124 
29 31 
30 28 
33 125 
32 34 
35 33 
34 36 
37 35 
36 38 
37 39 
38 40 
39 41 
40 42 
41 59 
44 56 
43 45 
44 46 
45 47 
46 48 
47 49 
48 50 
49 51 
50 52 
51 53 
52 54 
53 55 
54 67 
43 57 
56 58 
57 61 
42 60 
59 117 
62 58 
61 63 
64 62 
63 65 
64 66 
69 65 
68 55 
67 111 
66 70 
69 71 
70 72 
71 73 
72 74 
73 75 
74 76 
77 75 
76 78 
79 77 
80 78 
79 81 
80 82 
81 83 
82 84 
83 85 
115 84 
112 87 
111 86 
108 89 
90 88 
89 91 
90 96 
93 97 
92 94 
93 95 
94 96 
95 91 
92 98 
99 97 
100 98 
99 101 
100 102 
101 103 
102 104 
103 105 
104 106 
105 172 
109 108 
88 107 
107 110 
109 113 
87 68 
86 113 
110 112 
116 115 
85 114 
114 117 
60 116 
119 156 
118 120 
119 121 
120 122 
121 123 
122 124 
29 123 
126 32 
125 127 
20 126 
129 153 
128 130 
129 131 
130 132 
131 16 
134 269 
133 135 
134 136 
135 137 
136 138 
137 139 
138 140 
139 141 
140 142 
141 143 
142 144 
143 145 
144 146 
145 147 
146 148 
147 149 
148 177 
151 176 
150 155 
154 155 
154 128 
152 153 
151 152 
118 157 
156 158 
157 159 
158 174 
161 174 
160 162 
161 163 
162 164 
163 165 
166 164 
167 165 
166 168 
169 167 
170 168 
171 169 
170 173 
106 173 
172 171 
159 160 
176 180 
150 175 
149 178 
179 177 
180 178 
175 179 
182 
181 183 
182 184 
183 186 
186 187 
184 185 
188 185 
187 189 
188 190 
189 191 
190 192 
191 200 
194 196 
193 195 
194 200 
193 197 
196 198 
197 199 
198 201 
195 192 
199 202 
201 203 
202 204 
203 205 
204 15 
207 209 
206 208 
207 251 
206 210 
209 211 
210 212 
211 213 
212 214 
213 215 
214 216 
215 217 
216 218 
217 219 
218 220 
219 221 
220 222 
223 221 
224 222 
223 225 
224 226 
225 227 
226 228 
227 229 
228 250 
231 237 
230 232 
231 233 
232 234 
233 235 
234 236 
235 241 
230 238 
237 239 
238 240 
239 243 
242 236 
241 248 
240 244 
243 245 
244 246 
249 245 
248 277 
247 242 
250 246 
229 249 
208 252 
251 253 
252 254 
253 255 
254 256 
255 257 
256 258 
257 259 
258 260 
259 261 
260 262 
261 263 
262 264 
265 263 
264 266 
265 267 
266 268 
267 269 
133 268 
15 271 
270 272 
271 273 
272 274 
273 275 
274 276 
3 275 
278 247 
277 2 
1 2 
